(kicad_pcb (version 20171130) (host pcbnew 5.0.0+dfsg1-2~bpo9+1)

  (general
    (thickness 1.6)
    (drawings 7)
    (tracks 50)
    (zones 0)
    (modules 15)
    (nets 9)
  )

  (page A4)
  (layers
    (0 F.Cu signal)
    (31 B.Cu signal)
    (32 B.Adhes user)
    (33 F.Adhes user)
    (34 B.Paste user)
    (35 F.Paste user)
    (36 B.SilkS user)
    (37 F.SilkS user)
    (38 B.Mask user)
    (39 F.Mask user)
    (40 Dwgs.User user)
    (41 Cmts.User user)
    (42 Eco1.User user)
    (43 Eco2.User user)
    (44 Edge.Cuts user)
    (45 Margin user)
    (46 B.CrtYd user)
    (47 F.CrtYd user)
    (48 B.Fab user)
    (49 F.Fab user)
  )

  (setup
    (last_trace_width 0.3)
    (trace_clearance 0.3)
    (zone_clearance 0.508)
    (zone_45_only no)
    (trace_min 0.2)
    (segment_width 0.2)
    (edge_width 0.1)
    (via_size 0.8)
    (via_drill 0.4)
    (via_min_size 0.4)
    (via_min_drill 0.3)
    (uvia_size 0.3)
    (uvia_drill 0.1)
    (uvias_allowed no)
    (uvia_min_size 0.2)
    (uvia_min_drill 0.1)
    (pcb_text_width 0.3)
    (pcb_text_size 1.5 1.5)
    (mod_edge_width 0.15)
    (mod_text_size 1 1)
    (mod_text_width 0.15)
    (pad_size 1.5 1.5)
    (pad_drill 0.6)
    (pad_to_mask_clearance 0)
    (aux_axis_origin 0 0)
    (visible_elements FFFFFF7F)
    (pcbplotparams
      (layerselection 0x00000_fffffffe)
      (usegerberextensions false)
      (usegerberattributes false)
      (usegerberadvancedattributes false)
      (creategerberjobfile false)
      (excludeedgelayer true)
      (linewidth 0.100000)
      (plotframeref false)
      (viasonmask false)
      (mode 1)
      (useauxorigin false)
      (hpglpennumber 1)
      (hpglpenspeed 20)
      (hpglpendiameter 15.000000)
      (psnegative true)
      (psa4output false)
      (plotreference true)
      (plotvalue true)
      (plotinvisibletext false)
      (padsonsilk false)
      (subtractmaskfromsilk false)
      (outputformat 5)
      (mirror false)
      (drillshape 0)
      (scaleselection 1)
      (outputdirectory ""))
  )

  (net 0 "")
  (net 1 "Net-(C1-Pad1)")
  (net 2 "Net-(C1-Pad2)")
  (net 3 "Net-(C2-Pad2)")
  (net 4 "Net-(C2-Pad1)")
  (net 5 "Net-(D1-Pad1)")
  (net 6 "Net-(D1-Pad2)")
  (net 7 "Net-(D2-Pad1)")
  (net 8 "Net-(J1-Pad2)")

  (net_class Default "This is the default net class."
    (clearance 0.3)
    (trace_width 0.3)
    (via_dia 0.8)
    (via_drill 0.4)
    (uvia_dia 0.3)
    (uvia_drill 0.1)
    (add_net "Net-(C1-Pad1)")
    (add_net "Net-(C1-Pad2)")
    (add_net "Net-(C2-Pad1)")
    (add_net "Net-(C2-Pad2)")
    (add_net "Net-(D1-Pad1)")
    (add_net "Net-(D1-Pad2)")
    (add_net "Net-(D2-Pad1)")
    (add_net "Net-(J1-Pad2)")
  )

  (module Capacitor_SMD:C_1206_3216Metric_Pad1.42x1.75mm_HandSolder (layer B.Cu) (tedit 5B301BBE) (tstamp 5BBC4ACE)
    (at 105.3125 65.3 180)
    (descr "Capacitor SMD 1206 (3216 Metric), square (rectangular) end terminal, IPC_7351 nominal with elongated pad for handsoldering. (Body size source: http://www.tortai-tech.com/upload/download/2011102023233369053.pdf), generated with kicad-footprint-generator")
    (tags "capacitor handsolder")
    (path /5BA7EB62)
    (attr smd)
    (fp_text reference C1 (at 0 1.82 180) (layer B.SilkS)
      (effects (font (size 1 1) (thickness 0.15)) (justify mirror))
    )
    (fp_text value C (at 0 -1.82 180) (layer B.Fab)
      (effects (font (size 1 1) (thickness 0.15)) (justify mirror))
    )
    (fp_line (start -1.6 -0.8) (end -1.6 0.8) (layer B.Fab) (width 0.1))
    (fp_line (start -1.6 0.8) (end 1.6 0.8) (layer B.Fab) (width 0.1))
    (fp_line (start 1.6 0.8) (end 1.6 -0.8) (layer B.Fab) (width 0.1))
    (fp_line (start 1.6 -0.8) (end -1.6 -0.8) (layer B.Fab) (width 0.1))
    (fp_line (start -0.602064 0.91) (end 0.602064 0.91) (layer B.SilkS) (width 0.12))
    (fp_line (start -0.602064 -0.91) (end 0.602064 -0.91) (layer B.SilkS) (width 0.12))
    (fp_line (start -2.45 -1.12) (end -2.45 1.12) (layer B.CrtYd) (width 0.05))
    (fp_line (start -2.45 1.12) (end 2.45 1.12) (layer B.CrtYd) (width 0.05))
    (fp_line (start 2.45 1.12) (end 2.45 -1.12) (layer B.CrtYd) (width 0.05))
    (fp_line (start 2.45 -1.12) (end -2.45 -1.12) (layer B.CrtYd) (width 0.05))
    (fp_text user %R (at 0 0 180) (layer B.Fab)
      (effects (font (size 0.8 0.8) (thickness 0.12)) (justify mirror))
    )
    (pad 1 smd roundrect (at -1.4875 0 180) (size 1.425 1.75) (layers B.Cu B.Paste B.Mask) (roundrect_rratio 0.175439)
      (net 1 "Net-(C1-Pad1)"))
    (pad 2 smd roundrect (at 1.4875 0 180) (size 1.425 1.75) (layers B.Cu B.Paste B.Mask) (roundrect_rratio 0.175439)
      (net 2 "Net-(C1-Pad2)"))
    (model ${KISYS3DMOD}/Capacitor_SMD.3dshapes/C_1206_3216Metric.wrl
      (at (xyz 0 0 0))
      (scale (xyz 1 1 1))
      (rotate (xyz 0 0 0))
    )
  )

  (module Capacitor_SMD:C_1206_3216Metric_Pad1.42x1.75mm_HandSolder (layer B.Cu) (tedit 5B301BBE) (tstamp 5BBC4ADF)
    (at 114.6875 65.5 180)
    (descr "Capacitor SMD 1206 (3216 Metric), square (rectangular) end terminal, IPC_7351 nominal with elongated pad for handsoldering. (Body size source: http://www.tortai-tech.com/upload/download/2011102023233369053.pdf), generated with kicad-footprint-generator")
    (tags "capacitor handsolder")
    (path /5BA7EC45)
    (attr smd)
    (fp_text reference C2 (at 0 1.82 180) (layer B.SilkS)
      (effects (font (size 1 1) (thickness 0.15)) (justify mirror))
    )
    (fp_text value C (at 0 -1.82 180) (layer B.Fab)
      (effects (font (size 1 1) (thickness 0.15)) (justify mirror))
    )
    (fp_text user %R (at 0 0 180) (layer B.Fab)
      (effects (font (size 0.8 0.8) (thickness 0.12)) (justify mirror))
    )
    (fp_line (start 2.45 -1.12) (end -2.45 -1.12) (layer B.CrtYd) (width 0.05))
    (fp_line (start 2.45 1.12) (end 2.45 -1.12) (layer B.CrtYd) (width 0.05))
    (fp_line (start -2.45 1.12) (end 2.45 1.12) (layer B.CrtYd) (width 0.05))
    (fp_line (start -2.45 -1.12) (end -2.45 1.12) (layer B.CrtYd) (width 0.05))
    (fp_line (start -0.602064 -0.91) (end 0.602064 -0.91) (layer B.SilkS) (width 0.12))
    (fp_line (start -0.602064 0.91) (end 0.602064 0.91) (layer B.SilkS) (width 0.12))
    (fp_line (start 1.6 -0.8) (end -1.6 -0.8) (layer B.Fab) (width 0.1))
    (fp_line (start 1.6 0.8) (end 1.6 -0.8) (layer B.Fab) (width 0.1))
    (fp_line (start -1.6 0.8) (end 1.6 0.8) (layer B.Fab) (width 0.1))
    (fp_line (start -1.6 -0.8) (end -1.6 0.8) (layer B.Fab) (width 0.1))
    (pad 2 smd roundrect (at 1.4875 0 180) (size 1.425 1.75) (layers B.Cu B.Paste B.Mask) (roundrect_rratio 0.175439)
      (net 3 "Net-(C2-Pad2)"))
    (pad 1 smd roundrect (at -1.4875 0 180) (size 1.425 1.75) (layers B.Cu B.Paste B.Mask) (roundrect_rratio 0.175439)
      (net 4 "Net-(C2-Pad1)"))
    (model ${KISYS3DMOD}/Capacitor_SMD.3dshapes/C_1206_3216Metric.wrl
      (at (xyz 0 0 0))
      (scale (xyz 1 1 1))
      (rotate (xyz 0 0 0))
    )
  )

  (module LED_THT:LED_D3.0mm (layer F.Cu) (tedit 587A3A7B) (tstamp 5BBC4AF2)
    (at 103.3 52.7)
    (descr "LED, diameter 3.0mm, 2 pins")
    (tags "LED diameter 3.0mm 2 pins")
    (path /5BA82409)
    (fp_text reference D1 (at 1.27 -2.96) (layer F.SilkS)
      (effects (font (size 1 1) (thickness 0.15)))
    )
    (fp_text value LED (at 1.27 2.96) (layer F.Fab)
      (effects (font (size 1 1) (thickness 0.15)))
    )
    (fp_arc (start 1.27 0) (end -0.23 -1.16619) (angle 284.3) (layer F.Fab) (width 0.1))
    (fp_arc (start 1.27 0) (end -0.29 -1.235516) (angle 108.8) (layer F.SilkS) (width 0.12))
    (fp_arc (start 1.27 0) (end -0.29 1.235516) (angle -108.8) (layer F.SilkS) (width 0.12))
    (fp_arc (start 1.27 0) (end 0.229039 -1.08) (angle 87.9) (layer F.SilkS) (width 0.12))
    (fp_arc (start 1.27 0) (end 0.229039 1.08) (angle -87.9) (layer F.SilkS) (width 0.12))
    (fp_circle (center 1.27 0) (end 2.77 0) (layer F.Fab) (width 0.1))
    (fp_line (start -0.23 -1.16619) (end -0.23 1.16619) (layer F.Fab) (width 0.1))
    (fp_line (start -0.29 -1.236) (end -0.29 -1.08) (layer F.SilkS) (width 0.12))
    (fp_line (start -0.29 1.08) (end -0.29 1.236) (layer F.SilkS) (width 0.12))
    (fp_line (start -1.15 -2.25) (end -1.15 2.25) (layer F.CrtYd) (width 0.05))
    (fp_line (start -1.15 2.25) (end 3.7 2.25) (layer F.CrtYd) (width 0.05))
    (fp_line (start 3.7 2.25) (end 3.7 -2.25) (layer F.CrtYd) (width 0.05))
    (fp_line (start 3.7 -2.25) (end -1.15 -2.25) (layer F.CrtYd) (width 0.05))
    (pad 1 thru_hole rect (at 0 0) (size 1.8 1.8) (drill 0.9) (layers *.Cu *.Mask)
      (net 5 "Net-(D1-Pad1)"))
    (pad 2 thru_hole circle (at 2.54 0) (size 1.8 1.8) (drill 0.9) (layers *.Cu *.Mask)
      (net 6 "Net-(D1-Pad2)"))
    (model ${KISYS3DMOD}/LED_THT.3dshapes/LED_D3.0mm.wrl
      (at (xyz 0 0 0))
      (scale (xyz 1 1 1))
      (rotate (xyz 0 0 0))
    )
  )

  (module LED_THT:LED_D3.0mm (layer F.Cu) (tedit 587A3A7B) (tstamp 5BBC4B05)
    (at 116.8 52.7 180)
    (descr "LED, diameter 3.0mm, 2 pins")
    (tags "LED diameter 3.0mm 2 pins")
    (path /5BA825BC)
    (fp_text reference D2 (at 1.27 -2.96 180) (layer F.SilkS)
      (effects (font (size 1 1) (thickness 0.15)))
    )
    (fp_text value LED (at 1.27 2.96 180) (layer F.Fab)
      (effects (font (size 1 1) (thickness 0.15)))
    )
    (fp_line (start 3.7 -2.25) (end -1.15 -2.25) (layer F.CrtYd) (width 0.05))
    (fp_line (start 3.7 2.25) (end 3.7 -2.25) (layer F.CrtYd) (width 0.05))
    (fp_line (start -1.15 2.25) (end 3.7 2.25) (layer F.CrtYd) (width 0.05))
    (fp_line (start -1.15 -2.25) (end -1.15 2.25) (layer F.CrtYd) (width 0.05))
    (fp_line (start -0.29 1.08) (end -0.29 1.236) (layer F.SilkS) (width 0.12))
    (fp_line (start -0.29 -1.236) (end -0.29 -1.08) (layer F.SilkS) (width 0.12))
    (fp_line (start -0.23 -1.16619) (end -0.23 1.16619) (layer F.Fab) (width 0.1))
    (fp_circle (center 1.27 0) (end 2.77 0) (layer F.Fab) (width 0.1))
    (fp_arc (start 1.27 0) (end 0.229039 1.08) (angle -87.9) (layer F.SilkS) (width 0.12))
    (fp_arc (start 1.27 0) (end 0.229039 -1.08) (angle 87.9) (layer F.SilkS) (width 0.12))
    (fp_arc (start 1.27 0) (end -0.29 1.235516) (angle -108.8) (layer F.SilkS) (width 0.12))
    (fp_arc (start 1.27 0) (end -0.29 -1.235516) (angle 108.8) (layer F.SilkS) (width 0.12))
    (fp_arc (start 1.27 0) (end -0.23 -1.16619) (angle 284.3) (layer F.Fab) (width 0.1))
    (pad 2 thru_hole circle (at 2.54 0 180) (size 1.8 1.8) (drill 0.9) (layers *.Cu *.Mask)
      (net 6 "Net-(D1-Pad2)"))
    (pad 1 thru_hole rect (at 0 0 180) (size 1.8 1.8) (drill 0.9) (layers *.Cu *.Mask)
      (net 7 "Net-(D2-Pad1)"))
    (model ${KISYS3DMOD}/LED_THT.3dshapes/LED_D3.0mm.wrl
      (at (xyz 0 0 0))
      (scale (xyz 1 1 1))
      (rotate (xyz 0 0 0))
    )
  )

  (module Connector_PinHeader_2.54mm:PinHeader_1x02_P2.54mm_Vertical (layer F.Cu) (tedit 59FED5CC) (tstamp 5BBC4B1B)
    (at 122.6 62.1)
    (descr "Through hole straight pin header, 1x02, 2.54mm pitch, single row")
    (tags "Through hole pin header THT 1x02 2.54mm single row")
    (path /5BA8289E)
    (fp_text reference J1 (at 0 -2.33) (layer F.SilkS)
      (effects (font (size 1 1) (thickness 0.15)))
    )
    (fp_text value Conn_01x02_Female (at 0 4.87) (layer F.Fab)
      (effects (font (size 1 1) (thickness 0.15)))
    )
    (fp_line (start -0.635 -1.27) (end 1.27 -1.27) (layer F.Fab) (width 0.1))
    (fp_line (start 1.27 -1.27) (end 1.27 3.81) (layer F.Fab) (width 0.1))
    (fp_line (start 1.27 3.81) (end -1.27 3.81) (layer F.Fab) (width 0.1))
    (fp_line (start -1.27 3.81) (end -1.27 -0.635) (layer F.Fab) (width 0.1))
    (fp_line (start -1.27 -0.635) (end -0.635 -1.27) (layer F.Fab) (width 0.1))
    (fp_line (start -1.33 3.87) (end 1.33 3.87) (layer F.SilkS) (width 0.12))
    (fp_line (start -1.33 1.27) (end -1.33 3.87) (layer F.SilkS) (width 0.12))
    (fp_line (start 1.33 1.27) (end 1.33 3.87) (layer F.SilkS) (width 0.12))
    (fp_line (start -1.33 1.27) (end 1.33 1.27) (layer F.SilkS) (width 0.12))
    (fp_line (start -1.33 0) (end -1.33 -1.33) (layer F.SilkS) (width 0.12))
    (fp_line (start -1.33 -1.33) (end 0 -1.33) (layer F.SilkS) (width 0.12))
    (fp_line (start -1.8 -1.8) (end -1.8 4.35) (layer F.CrtYd) (width 0.05))
    (fp_line (start -1.8 4.35) (end 1.8 4.35) (layer F.CrtYd) (width 0.05))
    (fp_line (start 1.8 4.35) (end 1.8 -1.8) (layer F.CrtYd) (width 0.05))
    (fp_line (start 1.8 -1.8) (end -1.8 -1.8) (layer F.CrtYd) (width 0.05))
    (fp_text user %R (at 0 1.27 90) (layer F.Fab)
      (effects (font (size 1 1) (thickness 0.15)))
    )
    (pad 1 thru_hole rect (at 0 0) (size 1.7 1.7) (drill 1) (layers *.Cu *.Mask)
      (net 6 "Net-(D1-Pad2)"))
    (pad 2 thru_hole oval (at 0 2.54) (size 1.7 1.7) (drill 1) (layers *.Cu *.Mask)
      (net 8 "Net-(J1-Pad2)"))
    (model ${KISYS3DMOD}/Connector_PinHeader_2.54mm.3dshapes/PinHeader_1x02_P2.54mm_Vertical.wrl
      (at (xyz 0 0 0))
      (scale (xyz 1 1 1))
      (rotate (xyz 0 0 0))
    )
  )

  (module Package_TO_SOT_THT:TO-92_Inline (layer F.Cu) (tedit 5A1DD157) (tstamp 5BBC4B2D)
    (at 104.5 70.4 270)
    (descr "TO-92 leads in-line, narrow, oval pads, drill 0.75mm (see NXP sot054_po.pdf)")
    (tags "to-92 sc-43 sc-43a sot54 PA33 transistor")
    (path /5BA801EA)
    (fp_text reference Q1 (at 1.27 -3.56 270) (layer F.SilkS)
      (effects (font (size 1 1) (thickness 0.15)))
    )
    (fp_text value Q_NPN_BCE (at 1.27 2.79 270) (layer F.Fab)
      (effects (font (size 1 1) (thickness 0.15)))
    )
    (fp_arc (start 1.27 0) (end 1.27 -2.6) (angle 135) (layer F.SilkS) (width 0.12))
    (fp_arc (start 1.27 0) (end 1.27 -2.48) (angle -135) (layer F.Fab) (width 0.1))
    (fp_arc (start 1.27 0) (end 1.27 -2.6) (angle -135) (layer F.SilkS) (width 0.12))
    (fp_arc (start 1.27 0) (end 1.27 -2.48) (angle 135) (layer F.Fab) (width 0.1))
    (fp_line (start 4 2.01) (end -1.46 2.01) (layer F.CrtYd) (width 0.05))
    (fp_line (start 4 2.01) (end 4 -2.73) (layer F.CrtYd) (width 0.05))
    (fp_line (start -1.46 -2.73) (end -1.46 2.01) (layer F.CrtYd) (width 0.05))
    (fp_line (start -1.46 -2.73) (end 4 -2.73) (layer F.CrtYd) (width 0.05))
    (fp_line (start -0.5 1.75) (end 3 1.75) (layer F.Fab) (width 0.1))
    (fp_line (start -0.53 1.85) (end 3.07 1.85) (layer F.SilkS) (width 0.12))
    (fp_text user %R (at 1.27 -3.56 270) (layer F.Fab)
      (effects (font (size 1 1) (thickness 0.15)))
    )
    (pad 1 thru_hole rect (at 0 0 270) (size 1.05 1.5) (drill 0.75) (layers *.Cu *.Mask)
      (net 3 "Net-(C2-Pad2)"))
    (pad 3 thru_hole oval (at 2.54 0 270) (size 1.05 1.5) (drill 0.75) (layers *.Cu *.Mask)
      (net 8 "Net-(J1-Pad2)"))
    (pad 2 thru_hole oval (at 1.27 0 270) (size 1.05 1.5) (drill 0.75) (layers *.Cu *.Mask)
      (net 2 "Net-(C1-Pad2)"))
    (model ${KISYS3DMOD}/Package_TO_SOT_THT.3dshapes/TO-92_Inline.wrl
      (at (xyz 0 0 0))
      (scale (xyz 1 1 1))
      (rotate (xyz 0 0 0))
    )
  )

  (module Package_TO_SOT_THT:TO-92_Inline (layer F.Cu) (tedit 5A1DD157) (tstamp 5BBC4B3F)
    (at 116.2 70.4 270)
    (descr "TO-92 leads in-line, narrow, oval pads, drill 0.75mm (see NXP sot054_po.pdf)")
    (tags "to-92 sc-43 sc-43a sot54 PA33 transistor")
    (path /5BA7FBA7)
    (fp_text reference Q2 (at 1.27 -3.56 270) (layer F.SilkS)
      (effects (font (size 1 1) (thickness 0.15)))
    )
    (fp_text value Q_NPN_BCE (at 1.27 2.79 270) (layer F.Fab)
      (effects (font (size 1 1) (thickness 0.15)))
    )
    (fp_text user %R (at 1.27 -3.56 270) (layer F.Fab)
      (effects (font (size 1 1) (thickness 0.15)))
    )
    (fp_line (start -0.53 1.85) (end 3.07 1.85) (layer F.SilkS) (width 0.12))
    (fp_line (start -0.5 1.75) (end 3 1.75) (layer F.Fab) (width 0.1))
    (fp_line (start -1.46 -2.73) (end 4 -2.73) (layer F.CrtYd) (width 0.05))
    (fp_line (start -1.46 -2.73) (end -1.46 2.01) (layer F.CrtYd) (width 0.05))
    (fp_line (start 4 2.01) (end 4 -2.73) (layer F.CrtYd) (width 0.05))
    (fp_line (start 4 2.01) (end -1.46 2.01) (layer F.CrtYd) (width 0.05))
    (fp_arc (start 1.27 0) (end 1.27 -2.48) (angle 135) (layer F.Fab) (width 0.1))
    (fp_arc (start 1.27 0) (end 1.27 -2.6) (angle -135) (layer F.SilkS) (width 0.12))
    (fp_arc (start 1.27 0) (end 1.27 -2.48) (angle -135) (layer F.Fab) (width 0.1))
    (fp_arc (start 1.27 0) (end 1.27 -2.6) (angle 135) (layer F.SilkS) (width 0.12))
    (pad 2 thru_hole oval (at 1.27 0 270) (size 1.05 1.5) (drill 0.75) (layers *.Cu *.Mask)
      (net 4 "Net-(C2-Pad1)"))
    (pad 3 thru_hole oval (at 2.54 0 270) (size 1.05 1.5) (drill 0.75) (layers *.Cu *.Mask)
      (net 8 "Net-(J1-Pad2)"))
    (pad 1 thru_hole rect (at 0 0 270) (size 1.05 1.5) (drill 0.75) (layers *.Cu *.Mask)
      (net 1 "Net-(C1-Pad1)"))
    (model ${KISYS3DMOD}/Package_TO_SOT_THT.3dshapes/TO-92_Inline.wrl
      (at (xyz 0 0 0))
      (scale (xyz 1 1 1))
      (rotate (xyz 0 0 0))
    )
  )

  (module Resistor_SMD:R_1206_3216Metric_Pad1.42x1.75mm_HandSolder (layer B.Cu) (tedit 5B301BBD) (tstamp 5BBC4B50)
    (at 101.1875 58.8 270)
    (descr "Resistor SMD 1206 (3216 Metric), square (rectangular) end terminal, IPC_7351 nominal with elongated pad for handsoldering. (Body size source: http://www.tortai-tech.com/upload/download/2011102023233369053.pdf), generated with kicad-footprint-generator")
    (tags "resistor handsolder")
    (path /5BA7E7AD)
    (attr smd)
    (fp_text reference R1 (at 0 1.82 270) (layer B.SilkS)
      (effects (font (size 1 1) (thickness 0.15)) (justify mirror))
    )
    (fp_text value R (at 0 -1.82 270) (layer B.Fab)
      (effects (font (size 1 1) (thickness 0.15)) (justify mirror))
    )
    (fp_line (start -1.6 -0.8) (end -1.6 0.8) (layer B.Fab) (width 0.1))
    (fp_line (start -1.6 0.8) (end 1.6 0.8) (layer B.Fab) (width 0.1))
    (fp_line (start 1.6 0.8) (end 1.6 -0.8) (layer B.Fab) (width 0.1))
    (fp_line (start 1.6 -0.8) (end -1.6 -0.8) (layer B.Fab) (width 0.1))
    (fp_line (start -0.602064 0.91) (end 0.602064 0.91) (layer B.SilkS) (width 0.12))
    (fp_line (start -0.602064 -0.91) (end 0.602064 -0.91) (layer B.SilkS) (width 0.12))
    (fp_line (start -2.45 -1.12) (end -2.45 1.12) (layer B.CrtYd) (width 0.05))
    (fp_line (start -2.45 1.12) (end 2.45 1.12) (layer B.CrtYd) (width 0.05))
    (fp_line (start 2.45 1.12) (end 2.45 -1.12) (layer B.CrtYd) (width 0.05))
    (fp_line (start 2.45 -1.12) (end -2.45 -1.12) (layer B.CrtYd) (width 0.05))
    (fp_text user %R (at 0 0 270) (layer B.Fab)
      (effects (font (size 0.8 0.8) (thickness 0.12)) (justify mirror))
    )
    (pad 1 smd roundrect (at -1.4875 0 270) (size 1.425 1.75) (layers B.Cu B.Paste B.Mask) (roundrect_rratio 0.175439)
      (net 5 "Net-(D1-Pad1)"))
    (pad 2 smd roundrect (at 1.4875 0 270) (size 1.425 1.75) (layers B.Cu B.Paste B.Mask) (roundrect_rratio 0.175439)
      (net 2 "Net-(C1-Pad2)"))
    (model ${KISYS3DMOD}/Resistor_SMD.3dshapes/R_1206_3216Metric.wrl
      (at (xyz 0 0 0))
      (scale (xyz 1 1 1))
      (rotate (xyz 0 0 0))
    )
  )

  (module Resistor_SMD:R_1206_3216Metric_Pad1.42x1.75mm_HandSolder (layer B.Cu) (tedit 5B301BBD) (tstamp 5BBC4B61)
    (at 107.8 59 270)
    (descr "Resistor SMD 1206 (3216 Metric), square (rectangular) end terminal, IPC_7351 nominal with elongated pad for handsoldering. (Body size source: http://www.tortai-tech.com/upload/download/2011102023233369053.pdf), generated with kicad-footprint-generator")
    (tags "resistor handsolder")
    (path /5BA7E86C)
    (attr smd)
    (fp_text reference R2 (at 0 1.82 270) (layer B.SilkS)
      (effects (font (size 1 1) (thickness 0.15)) (justify mirror))
    )
    (fp_text value R (at 0 -1.82 270) (layer B.Fab)
      (effects (font (size 1 1) (thickness 0.15)) (justify mirror))
    )
    (fp_text user %R (at 0 0 270) (layer B.Fab)
      (effects (font (size 0.8 0.8) (thickness 0.12)) (justify mirror))
    )
    (fp_line (start 2.45 -1.12) (end -2.45 -1.12) (layer B.CrtYd) (width 0.05))
    (fp_line (start 2.45 1.12) (end 2.45 -1.12) (layer B.CrtYd) (width 0.05))
    (fp_line (start -2.45 1.12) (end 2.45 1.12) (layer B.CrtYd) (width 0.05))
    (fp_line (start -2.45 -1.12) (end -2.45 1.12) (layer B.CrtYd) (width 0.05))
    (fp_line (start -0.602064 -0.91) (end 0.602064 -0.91) (layer B.SilkS) (width 0.12))
    (fp_line (start -0.602064 0.91) (end 0.602064 0.91) (layer B.SilkS) (width 0.12))
    (fp_line (start 1.6 -0.8) (end -1.6 -0.8) (layer B.Fab) (width 0.1))
    (fp_line (start 1.6 0.8) (end 1.6 -0.8) (layer B.Fab) (width 0.1))
    (fp_line (start -1.6 0.8) (end 1.6 0.8) (layer B.Fab) (width 0.1))
    (fp_line (start -1.6 -0.8) (end -1.6 0.8) (layer B.Fab) (width 0.1))
    (pad 2 smd roundrect (at 1.4875 0 270) (size 1.425 1.75) (layers B.Cu B.Paste B.Mask) (roundrect_rratio 0.175439)
      (net 1 "Net-(C1-Pad1)"))
    (pad 1 smd roundrect (at -1.4875 0 270) (size 1.425 1.75) (layers B.Cu B.Paste B.Mask) (roundrect_rratio 0.175439)
      (net 6 "Net-(D1-Pad2)"))
    (model ${KISYS3DMOD}/Resistor_SMD.3dshapes/R_1206_3216Metric.wrl
      (at (xyz 0 0 0))
      (scale (xyz 1 1 1))
      (rotate (xyz 0 0 0))
    )
  )

  (module Resistor_SMD:R_1206_3216Metric_Pad1.42x1.75mm_HandSolder (layer B.Cu) (tedit 5B301BBD) (tstamp 5BBC4B72)
    (at 112.5 58.9875 270)
    (descr "Resistor SMD 1206 (3216 Metric), square (rectangular) end terminal, IPC_7351 nominal with elongated pad for handsoldering. (Body size source: http://www.tortai-tech.com/upload/download/2011102023233369053.pdf), generated with kicad-footprint-generator")
    (tags "resistor handsolder")
    (path /5BA7E948)
    (attr smd)
    (fp_text reference R3 (at 0 1.82 270) (layer B.SilkS)
      (effects (font (size 1 1) (thickness 0.15)) (justify mirror))
    )
    (fp_text value R (at 0 -1.82 270) (layer B.Fab)
      (effects (font (size 1 1) (thickness 0.15)) (justify mirror))
    )
    (fp_line (start -1.6 -0.8) (end -1.6 0.8) (layer B.Fab) (width 0.1))
    (fp_line (start -1.6 0.8) (end 1.6 0.8) (layer B.Fab) (width 0.1))
    (fp_line (start 1.6 0.8) (end 1.6 -0.8) (layer B.Fab) (width 0.1))
    (fp_line (start 1.6 -0.8) (end -1.6 -0.8) (layer B.Fab) (width 0.1))
    (fp_line (start -0.602064 0.91) (end 0.602064 0.91) (layer B.SilkS) (width 0.12))
    (fp_line (start -0.602064 -0.91) (end 0.602064 -0.91) (layer B.SilkS) (width 0.12))
    (fp_line (start -2.45 -1.12) (end -2.45 1.12) (layer B.CrtYd) (width 0.05))
    (fp_line (start -2.45 1.12) (end 2.45 1.12) (layer B.CrtYd) (width 0.05))
    (fp_line (start 2.45 1.12) (end 2.45 -1.12) (layer B.CrtYd) (width 0.05))
    (fp_line (start 2.45 -1.12) (end -2.45 -1.12) (layer B.CrtYd) (width 0.05))
    (fp_text user %R (at 0 0 270) (layer B.Fab)
      (effects (font (size 0.8 0.8) (thickness 0.12)) (justify mirror))
    )
    (pad 1 smd roundrect (at -1.4875 0 270) (size 1.425 1.75) (layers B.Cu B.Paste B.Mask) (roundrect_rratio 0.175439)
      (net 6 "Net-(D1-Pad2)"))
    (pad 2 smd roundrect (at 1.4875 0 270) (size 1.425 1.75) (layers B.Cu B.Paste B.Mask) (roundrect_rratio 0.175439)
      (net 3 "Net-(C2-Pad2)"))
    (model ${KISYS3DMOD}/Resistor_SMD.3dshapes/R_1206_3216Metric.wrl
      (at (xyz 0 0 0))
      (scale (xyz 1 1 1))
      (rotate (xyz 0 0 0))
    )
  )

  (module Resistor_SMD:R_1206_3216Metric_Pad1.42x1.75mm_HandSolder (layer B.Cu) (tedit 5B301BBD) (tstamp 5BBC4B83)
    (at 118.1 58.9 270)
    (descr "Resistor SMD 1206 (3216 Metric), square (rectangular) end terminal, IPC_7351 nominal with elongated pad for handsoldering. (Body size source: http://www.tortai-tech.com/upload/download/2011102023233369053.pdf), generated with kicad-footprint-generator")
    (tags "resistor handsolder")
    (path /5BA7E9AD)
    (attr smd)
    (fp_text reference R4 (at 0 1.82 270) (layer B.SilkS)
      (effects (font (size 1 1) (thickness 0.15)) (justify mirror))
    )
    (fp_text value R (at 0 -1.82 270) (layer B.Fab)
      (effects (font (size 1 1) (thickness 0.15)) (justify mirror))
    )
    (fp_text user %R (at 0 0 270) (layer B.Fab)
      (effects (font (size 0.8 0.8) (thickness 0.12)) (justify mirror))
    )
    (fp_line (start 2.45 -1.12) (end -2.45 -1.12) (layer B.CrtYd) (width 0.05))
    (fp_line (start 2.45 1.12) (end 2.45 -1.12) (layer B.CrtYd) (width 0.05))
    (fp_line (start -2.45 1.12) (end 2.45 1.12) (layer B.CrtYd) (width 0.05))
    (fp_line (start -2.45 -1.12) (end -2.45 1.12) (layer B.CrtYd) (width 0.05))
    (fp_line (start -0.602064 -0.91) (end 0.602064 -0.91) (layer B.SilkS) (width 0.12))
    (fp_line (start -0.602064 0.91) (end 0.602064 0.91) (layer B.SilkS) (width 0.12))
    (fp_line (start 1.6 -0.8) (end -1.6 -0.8) (layer B.Fab) (width 0.1))
    (fp_line (start 1.6 0.8) (end 1.6 -0.8) (layer B.Fab) (width 0.1))
    (fp_line (start -1.6 0.8) (end 1.6 0.8) (layer B.Fab) (width 0.1))
    (fp_line (start -1.6 -0.8) (end -1.6 0.8) (layer B.Fab) (width 0.1))
    (pad 2 smd roundrect (at 1.4875 0 270) (size 1.425 1.75) (layers B.Cu B.Paste B.Mask) (roundrect_rratio 0.175439)
      (net 4 "Net-(C2-Pad1)"))
    (pad 1 smd roundrect (at -1.4875 0 270) (size 1.425 1.75) (layers B.Cu B.Paste B.Mask) (roundrect_rratio 0.175439)
      (net 7 "Net-(D2-Pad1)"))
    (model ${KISYS3DMOD}/Resistor_SMD.3dshapes/R_1206_3216Metric.wrl
      (at (xyz 0 0 0))
      (scale (xyz 1 1 1))
      (rotate (xyz 0 0 0))
    )
  )

  (module MountingHole:MountingHole_2.2mm_M2 (layer F.Cu) (tedit 56D1B4CB) (tstamp 5BBC7D3A)
    (at 123.5 51.3)
    (descr "Mounting Hole 2.2mm, no annular, M2")
    (tags "mounting hole 2.2mm no annular m2")
    (attr virtual)
    (fp_text reference REF** (at 0 -3.2) (layer F.SilkS)
      (effects (font (size 1 1) (thickness 0.15)))
    )
    (fp_text value MountingHole_2.2mm_M2 (at 0 3.2) (layer F.Fab)
      (effects (font (size 1 1) (thickness 0.15)))
    )
    (fp_circle (center 0 0) (end 2.45 0) (layer F.CrtYd) (width 0.05))
    (fp_circle (center 0 0) (end 2.2 0) (layer Cmts.User) (width 0.15))
    (fp_text user %R (at 0.3 0) (layer F.Fab)
      (effects (font (size 1 1) (thickness 0.15)))
    )
    (pad 1 np_thru_hole circle (at 0 0) (size 2.2 2.2) (drill 2.2) (layers *.Cu *.Mask))
  )

  (module MountingHole:MountingHole_2.2mm_M2 (layer F.Cu) (tedit 56D1B4CB) (tstamp 5BBC7D49)
    (at 99.2 51.3)
    (descr "Mounting Hole 2.2mm, no annular, M2")
    (tags "mounting hole 2.2mm no annular m2")
    (attr virtual)
    (fp_text reference REF** (at 0 -3.2) (layer F.SilkS)
      (effects (font (size 1 1) (thickness 0.15)))
    )
    (fp_text value MountingHole_2.2mm_M2 (at 0 3.2) (layer F.Fab)
      (effects (font (size 1 1) (thickness 0.15)))
    )
    (fp_circle (center 0 0) (end 2.45 0) (layer F.CrtYd) (width 0.05))
    (fp_circle (center 0 0) (end 2.2 0) (layer Cmts.User) (width 0.15))
    (fp_text user %R (at 0.3 0) (layer F.Fab)
      (effects (font (size 1 1) (thickness 0.15)))
    )
    (pad 1 np_thru_hole circle (at 0 0) (size 2.2 2.2) (drill 2.2) (layers *.Cu *.Mask))
  )

  (module MountingHole:MountingHole_2.2mm_M2 (layer F.Cu) (tedit 56D1B4CB) (tstamp 5BBC7D58)
    (at 99.2 75.4)
    (descr "Mounting Hole 2.2mm, no annular, M2")
    (tags "mounting hole 2.2mm no annular m2")
    (attr virtual)
    (fp_text reference REF** (at 0 -3.2) (layer F.SilkS)
      (effects (font (size 1 1) (thickness 0.15)))
    )
    (fp_text value MountingHole_2.2mm_M2 (at 0 3.2) (layer F.Fab)
      (effects (font (size 1 1) (thickness 0.15)))
    )
    (fp_circle (center 0 0) (end 2.45 0) (layer F.CrtYd) (width 0.05))
    (fp_circle (center 0 0) (end 2.2 0) (layer Cmts.User) (width 0.15))
    (fp_text user %R (at 0.3 0) (layer F.Fab)
      (effects (font (size 1 1) (thickness 0.15)))
    )
    (pad 1 np_thru_hole circle (at 0 0) (size 2.2 2.2) (drill 2.2) (layers *.Cu *.Mask))
  )

  (module MountingHole:MountingHole_2.2mm_M2 (layer F.Cu) (tedit 56D1B4CB) (tstamp 5BBC7D67)
    (at 123.5 75.4)
    (descr "Mounting Hole 2.2mm, no annular, M2")
    (tags "mounting hole 2.2mm no annular m2")
    (attr virtual)
    (fp_text reference REF** (at 0 -3.2) (layer F.SilkS)
      (effects (font (size 1 1) (thickness 0.15)))
    )
    (fp_text value MountingHole_2.2mm_M2 (at 0 3.2) (layer F.Fab)
      (effects (font (size 1 1) (thickness 0.15)))
    )
    (fp_circle (center 0 0) (end 2.45 0) (layer F.CrtYd) (width 0.05))
    (fp_circle (center 0 0) (end 2.2 0) (layer Cmts.User) (width 0.15))
    (fp_text user %R (at 0.3 0) (layer F.Fab)
      (effects (font (size 1 1) (thickness 0.15)))
    )
    (pad 1 np_thru_hole circle (at 0 0) (size 2.2 2.2) (drill 2.2) (layers *.Cu *.Mask))
  )

  (gr_line (start 96.3 48.4) (end 96.4 48.4) (layer Edge.Cuts) (width 0.1))
  (gr_line (start 96.3 78.3) (end 96.3 48.4) (layer Edge.Cuts) (width 0.1))
  (gr_line (start 126.4 78.3) (end 96.3 78.3) (layer Edge.Cuts) (width 0.1))
  (gr_line (start 126.4 48.4) (end 126.4 78.3) (layer Edge.Cuts) (width 0.1))
  (gr_line (start 96.4 48.4) (end 126.4 48.4) (layer Edge.Cuts) (width 0.1))
  (dimension 30 (width 0.3) (layer Margin)
    (gr_text "30.000 mm" (at 137.1 63.3 270) (layer Margin)
      (effects (font (size 1.5 1.5) (thickness 0.3)))
    )
    (feature1 (pts (xy 126.4 78.3) (xy 135.586421 78.3)))
    (feature2 (pts (xy 126.4 48.3) (xy 135.586421 48.3)))
    (crossbar (pts (xy 135 48.3) (xy 135 78.3)))
    (arrow1a (pts (xy 135 78.3) (xy 134.413579 77.173496)))
    (arrow1b (pts (xy 135 78.3) (xy 135.586421 77.173496)))
    (arrow2a (pts (xy 135 48.3) (xy 134.413579 49.426504)))
    (arrow2b (pts (xy 135 48.3) (xy 135.586421 49.426504)))
  )
  (dimension 30 (width 0.3) (layer Margin)
    (gr_text "30.000 mm" (at 111.4 40.3) (layer Margin)
      (effects (font (size 1.5 1.5) (thickness 0.3)))
    )
    (feature1 (pts (xy 126.4 48.3) (xy 126.4 41.813579)))
    (feature2 (pts (xy 96.4 48.3) (xy 96.4 41.813579)))
    (crossbar (pts (xy 96.4 42.4) (xy 126.4 42.4)))
    (arrow1a (pts (xy 126.4 42.4) (xy 125.273496 42.986421)))
    (arrow1b (pts (xy 126.4 42.4) (xy 125.273496 41.813579)))
    (arrow2a (pts (xy 96.4 42.4) (xy 97.526504 42.986421)))
    (arrow2b (pts (xy 96.4 42.4) (xy 97.526504 41.813579)))
  )

  (segment (start 107.8 64.3) (end 106.8 65.3) (width 0.3) (layer B.Cu) (net 1))
  (segment (start 107.8 60.4875) (end 107.8 64.3) (width 0.3) (layer B.Cu) (net 1))
  (segment (start 110.925 70.4) (end 115.15 70.4) (width 0.3) (layer B.Cu) (net 1))
  (segment (start 115.15 70.4) (end 116.2 70.4) (width 0.3) (layer B.Cu) (net 1))
  (segment (start 106.8 66.275) (end 110.925 70.4) (width 0.3) (layer B.Cu) (net 1))
  (segment (start 106.8 65.3) (end 106.8 66.275) (width 0.3) (layer B.Cu) (net 1))
  (segment (start 103.45 71.67) (end 104.5 71.67) (width 0.3) (layer B.Cu) (net 2))
  (segment (start 101.1875 69.4075) (end 103.45 71.67) (width 0.3) (layer B.Cu) (net 2))
  (segment (start 101.1875 60.2875) (end 101.1875 69.4075) (width 0.3) (layer B.Cu) (net 2))
  (segment (start 103.053653 67.541347) (end 101.1875 69.4075) (width 0.3) (layer B.Cu) (net 2))
  (segment (start 103.053653 66.071347) (end 103.053653 67.541347) (width 0.3) (layer B.Cu) (net 2))
  (segment (start 103.825 65.3) (end 103.053653 66.071347) (width 0.3) (layer B.Cu) (net 2))
  (segment (start 112.5 64.8) (end 113.2 65.5) (width 0.3) (layer B.Cu) (net 3))
  (segment (start 112.5 60.475) (end 112.5 64.8) (width 0.3) (layer B.Cu) (net 3))
  (segment (start 111.728653 59.703653) (end 112.5 60.475) (width 0.3) (layer B.Cu) (net 3))
  (segment (start 111.34999 59.32499) (end 111.728653 59.703653) (width 0.3) (layer B.Cu) (net 3))
  (segment (start 106.885044 59.32499) (end 111.34999 59.32499) (width 0.3) (layer B.Cu) (net 3))
  (segment (start 105.63749 60.572544) (end 106.885044 59.32499) (width 0.3) (layer B.Cu) (net 3))
  (segment (start 105.63749 69.48751) (end 105.63749 60.572544) (width 0.3) (layer B.Cu) (net 3))
  (segment (start 104.725 70.4) (end 105.63749 69.48751) (width 0.3) (layer B.Cu) (net 3))
  (segment (start 104.5 70.4) (end 104.725 70.4) (width 0.3) (layer B.Cu) (net 3))
  (segment (start 118.1 61.2) (end 118.1 60.3875) (width 0.3) (layer B.Cu) (net 4))
  (segment (start 118.1 63.575) (end 116.175 65.5) (width 0.3) (layer B.Cu) (net 4))
  (segment (start 118.1 60.3875) (end 118.1 63.575) (width 0.3) (layer B.Cu) (net 4))
  (segment (start 117.25 71.67) (end 116.2 71.67) (width 0.3) (layer B.Cu) (net 4))
  (segment (start 117.400001 71.519999) (end 117.25 71.67) (width 0.3) (layer B.Cu) (net 4))
  (segment (start 117.400001 66.725001) (end 117.400001 71.519999) (width 0.3) (layer B.Cu) (net 4))
  (segment (start 116.175 65.5) (end 117.400001 66.725001) (width 0.3) (layer B.Cu) (net 4))
  (segment (start 101.1875 56.5) (end 101.1875 57.3125) (width 0.3) (layer B.Cu) (net 5))
  (segment (start 101.1875 53.6125) (end 101.1875 56.5) (width 0.3) (layer B.Cu) (net 5))
  (segment (start 102.1 52.7) (end 101.1875 53.6125) (width 0.3) (layer B.Cu) (net 5))
  (segment (start 103.3 52.7) (end 102.1 52.7) (width 0.3) (layer B.Cu) (net 5))
  (segment (start 112.5 54.46) (end 112.5 57.5) (width 0.3) (layer B.Cu) (net 6))
  (segment (start 114.26 52.7) (end 112.5 54.46) (width 0.3) (layer B.Cu) (net 6))
  (segment (start 107.8125 57.5) (end 107.8 57.5125) (width 0.3) (layer B.Cu) (net 6))
  (segment (start 112.5 57.5) (end 107.8125 57.5) (width 0.3) (layer B.Cu) (net 6))
  (segment (start 107.8 54.66) (end 105.84 52.7) (width 0.3) (layer B.Cu) (net 6))
  (segment (start 107.8 57.5125) (end 107.8 54.66) (width 0.3) (layer B.Cu) (net 6))
  (segment (start 115.159999 51.800001) (end 114.26 52.7) (width 0.3) (layer B.Cu) (net 6))
  (segment (start 115.610001 51.349999) (end 115.159999 51.800001) (width 0.3) (layer B.Cu) (net 6))
  (segment (start 122.6 55.889998) (end 118.060001 51.349999) (width 0.3) (layer B.Cu) (net 6))
  (segment (start 118.060001 51.349999) (end 115.610001 51.349999) (width 0.3) (layer B.Cu) (net 6))
  (segment (start 122.6 62.1) (end 122.6 55.889998) (width 0.3) (layer B.Cu) (net 6))
  (segment (start 118 52.7) (end 116.8 52.7) (width 0.3) (layer B.Cu) (net 7))
  (segment (start 118.1 52.8) (end 118 52.7) (width 0.3) (layer B.Cu) (net 7))
  (segment (start 118.1 57.4125) (end 118.1 52.8) (width 0.3) (layer B.Cu) (net 7))
  (segment (start 117.25 72.94) (end 116.2 72.94) (width 0.3) (layer B.Cu) (net 8))
  (segment (start 122.6 67.59) (end 117.25 72.94) (width 0.3) (layer B.Cu) (net 8))
  (segment (start 122.6 64.64) (end 122.6 67.59) (width 0.3) (layer B.Cu) (net 8))
  (segment (start 104.5 72.94) (end 116.2 72.94) (width 0.3) (layer B.Cu) (net 8))

  (zone (net 8) (net_name "Net-(J1-Pad2)") (layer B.Cu) (tstamp 0) (hatch edge 0.508)
    (connect_pads (clearance 0.508))
    (min_thickness 0.254)
    (fill yes (arc_segments 16) (thermal_gap 0.508) (thermal_bridge_width 0.508))
    (polygon
      (pts
        (xy 96.3 48.4) (xy 126.4 48.4) (xy 126.4 78.3) (xy 96.3 78.3)
      )
    )
    (filled_polygon
      (pts
        (xy 125.715001 77.615) (xy 96.985 77.615) (xy 96.985 75.054887) (xy 97.465 75.054887) (xy 97.465 75.745113)
        (xy 97.729138 76.382799) (xy 98.217201 76.870862) (xy 98.854887 77.135) (xy 99.545113 77.135) (xy 100.182799 76.870862)
        (xy 100.670862 76.382799) (xy 100.935 75.745113) (xy 100.935 75.054887) (xy 121.765 75.054887) (xy 121.765 75.745113)
        (xy 122.029138 76.382799) (xy 122.517201 76.870862) (xy 123.154887 77.135) (xy 123.845113 77.135) (xy 124.482799 76.870862)
        (xy 124.970862 76.382799) (xy 125.235 75.745113) (xy 125.235 75.054887) (xy 124.970862 74.417201) (xy 124.482799 73.929138)
        (xy 123.845113 73.665) (xy 123.154887 73.665) (xy 122.517201 73.929138) (xy 122.029138 74.417201) (xy 121.765 75.054887)
        (xy 100.935 75.054887) (xy 100.670862 74.417201) (xy 100.182799 73.929138) (xy 99.545113 73.665) (xy 98.854887 73.665)
        (xy 98.217201 73.929138) (xy 97.729138 74.417201) (xy 97.465 75.054887) (xy 96.985 75.054887) (xy 96.985 73.24581)
        (xy 103.156036 73.24581) (xy 103.164734 73.307336) (xy 103.389821 73.704255) (xy 103.749669 73.984823) (xy 104.189494 74.106326)
        (xy 104.373 73.946593) (xy 104.373 73.067) (xy 104.627 73.067) (xy 104.627 73.946593) (xy 104.810506 74.106326)
        (xy 105.250331 73.984823) (xy 105.610179 73.704255) (xy 105.835266 73.307336) (xy 105.843964 73.24581) (xy 114.856036 73.24581)
        (xy 114.864734 73.307336) (xy 115.089821 73.704255) (xy 115.449669 73.984823) (xy 115.889494 74.106326) (xy 116.073 73.946593)
        (xy 116.073 73.067) (xy 116.327 73.067) (xy 116.327 73.946593) (xy 116.510506 74.106326) (xy 116.950331 73.984823)
        (xy 117.310179 73.704255) (xy 117.535266 73.307336) (xy 117.543964 73.24581) (xy 117.418163 73.067) (xy 116.327 73.067)
        (xy 116.073 73.067) (xy 114.981837 73.067) (xy 114.856036 73.24581) (xy 105.843964 73.24581) (xy 105.718163 73.067)
        (xy 104.627 73.067) (xy 104.373 73.067) (xy 103.281837 73.067) (xy 103.156036 73.24581) (xy 96.985 73.24581)
        (xy 96.985 56.85) (xy 99.66506 56.85) (xy 99.66506 57.775) (xy 99.733374 58.118435) (xy 99.927914 58.409586)
        (xy 100.219065 58.604126) (xy 100.5625 58.67244) (xy 101.8125 58.67244) (xy 102.155935 58.604126) (xy 102.447086 58.409586)
        (xy 102.641626 58.118435) (xy 102.70994 57.775) (xy 102.70994 56.85) (xy 102.641626 56.506565) (xy 102.447086 56.215414)
        (xy 102.155935 56.020874) (xy 101.9725 55.984386) (xy 101.9725 54.078061) (xy 102.152235 54.198157) (xy 102.4 54.24744)
        (xy 104.2 54.24744) (xy 104.447765 54.198157) (xy 104.657809 54.057809) (xy 104.798157 53.847765) (xy 104.801275 53.832092)
        (xy 104.970493 54.00131) (xy 105.53467 54.235) (xy 106.14533 54.235) (xy 106.229838 54.199995) (xy 107.015001 54.985158)
        (xy 107.015 56.184386) (xy 106.831565 56.220874) (xy 106.540414 56.415414) (xy 106.345874 56.706565) (xy 106.27756 57.05)
        (xy 106.27756 57.975) (xy 106.345874 58.318435) (xy 106.540414 58.609586) (xy 106.541586 58.610369) (xy 106.384635 58.715241)
        (xy 106.384633 58.715243) (xy 106.319091 58.759037) (xy 106.275297 58.824579) (xy 105.13708 59.962797) (xy 105.071538 60.006591)
        (xy 105.027744 60.072133) (xy 105.027741 60.072136) (xy 104.898036 60.266253) (xy 104.837112 60.572544) (xy 104.852491 60.649861)
        (xy 104.852491 63.993912) (xy 104.630935 63.845874) (xy 104.2875 63.77756) (xy 103.3625 63.77756) (xy 103.019065 63.845874)
        (xy 102.727914 64.040414) (xy 102.533374 64.331565) (xy 102.46506 64.675) (xy 102.46506 65.539277) (xy 102.314199 65.765056)
        (xy 102.268653 65.994032) (xy 102.268653 65.994035) (xy 102.253275 66.071347) (xy 102.268653 66.148659) (xy 102.268654 67.216188)
        (xy 101.9725 67.512342) (xy 101.9725 61.615614) (xy 102.155935 61.579126) (xy 102.447086 61.384586) (xy 102.641626 61.093435)
        (xy 102.70994 60.75) (xy 102.70994 59.825) (xy 102.641626 59.481565) (xy 102.447086 59.190414) (xy 102.155935 58.995874)
        (xy 101.8125 58.92756) (xy 100.5625 58.92756) (xy 100.219065 58.995874) (xy 99.927914 59.190414) (xy 99.733374 59.481565)
        (xy 99.66506 59.825) (xy 99.66506 60.75) (xy 99.733374 61.093435) (xy 99.927914 61.384586) (xy 100.219065 61.579126)
        (xy 100.4025 61.615614) (xy 100.402501 69.330183) (xy 100.387122 69.4075) (xy 100.448046 69.713791) (xy 100.572195 69.899592)
        (xy 100.621547 69.973453) (xy 100.687091 70.017249) (xy 102.840253 72.170411) (xy 102.884047 72.235953) (xy 102.949589 72.279747)
        (xy 102.949591 72.279749) (xy 103.010397 72.320378) (xy 103.143708 72.409454) (xy 103.245775 72.429756) (xy 103.164734 72.572664)
        (xy 103.156036 72.63419) (xy 103.281837 72.813) (xy 104.07529 72.813) (xy 104.160754 72.83) (xy 104.839246 72.83)
        (xy 104.92471 72.813) (xy 105.718163 72.813) (xy 105.843964 72.63419) (xy 105.835266 72.572664) (xy 105.689146 72.314996)
        (xy 105.817695 72.122609) (xy 105.907725 71.67) (xy 105.817843 71.218133) (xy 105.848157 71.172765) (xy 105.89744 70.925)
        (xy 105.89744 70.337717) (xy 106.137898 70.097259) (xy 106.203443 70.053463) (xy 106.376944 69.793802) (xy 106.42249 69.564826)
        (xy 106.42249 69.564822) (xy 106.437868 69.48751) (xy 106.42249 69.410198) (xy 106.42249 67.007647) (xy 110.315253 70.900411)
